#unpaired probabilities
 #i$	l=1	
1	0.6047559
2	0.7246851
3	0.7985888
4	0.6414709
5	0.8693105
6	0.1865833
7	0.009165398
8	0.1528121
9	0.1567932
10	0.3416256
11	0.6507089
12	0.7520305
13	0.4127603
14	0.2887035
15	0.4359125
16	0.5601019
17	0.8325527
18	0.838833
19	0.3029268
20	0.2812053
21	0.2442246
22	0.3129152
23	0.0740323
24	0.1765168
25	0.1570732
26	0.08597083
27	0.4357333
28	0.6193879
29	0.3996795
30	0.4056654
31	0.08391561
32	0.01343198
33	0.003912869
34	0.002177932
35	0.02713638
36	0.0105345
37	0.02400923
38	0.2775475
39	0.273144
40	0.3012683
41	0.3118007
42	0.3403375
43	0.9456287
44	0.9498974
45	0.9631823
46	0.1859495
47	0.07007003
48	0.01716111
49	0.03411574
50	0.06637394
51	0.1410953
52	0.1574436
53	0.1849091
54	0.7788424
55	0.7820842
56	0.7103606
57	0.8399172
58	0.8218835
59	0.8006668
60	0.7755327
61	0.7330589
62	0.7438295
63	0.7540934
64	0.6352504
65	0.5113368
66	0.7332103
67	0.8915947
68	0.9721574
69	0.9738867
70	0.2519569
71	0.09380836
72	0.1131992
73	0.02299679
74	0.01369889
75	0.03856362
76	0.08423038
77	0.9857168
78	0.9936815
79	0.9925742
80	0.9338088
81	0.7440635
82	0.004666603
83	0.005445588
84	0.01509234
85	0.02529084
86	0.02010598
87	0.2076084
88	0.9779067
89	0.9895464
90	0.9962472
91	0.2472693
92	0.08433266
93	0.05036288
94	0.03736364
95	0.01520882
96	0.1592421
97	0.7923933
98	0.6492399
99	0.9918032
100	0.9695459
101	0.9811779
102	0.9913936
103	0.2768297
104	0.249646
105	0.2697752
106	0.2553922
107	0.0927592
108	0.1143238
109	0.1197528
110	0.5971605
111	0.9234731
112	0.9259476
113	0.6230976
114	0.5891469
115	0.4171883
116	0.5610821
117	0.6431259
118	0.508819
119	0.4911757
120	0.3814086
121	0.6042308
122	0.1398417
123	0.2134242
124	0.3289484
125	0.5708196
126	0.6231719
127	0.7479535
128	0.7980916
129	0.2746427
130	0.3113448
131	0.4873337
132	0.2034135
133	0.4154307
134	0.4753024
135	0.6610928
136	0.6805614
137	0.5888392
138	0.5041826
139	0.4473733
140	0.520821
141	0.4630389
142	0.4539852
143	0.4587418
144	0.0606945
145	0.02708591
146	0.05455295
147	0.6118568
148	0.03289632
149	0.1464875
150	0.09558999
151	0.3671027
152	0.8842211
153	0.8800803
154	0.2022089
155	0.09027594
156	0.0878383
157	0.1306556
158	0.1257293
159	0.1336479
160	0.3226428
161	0.9557951
162	0.9499065
163	0.9648893
164	0.9647422
165	0.9620298
166	0.9506756
167	0.3201413
168	0.1198892
169	0.1196592
170	0.08907174
171	0.07619084
172	0.07031975
173	0.1920418
174	0.965247
175	0.9651442
176	0.9709389
177	0.4266673
178	0.3231477
179	0.3236734
180	0.1658362
181	0.6747659
182	0.1171129
183	0.145567
184	0.1418825
185	0.4789015
186	0.5318543
187	0.4865575
188	0.4838176
189	0.5347174
190	0.7628427
191	0.7096493
192	0.5416517
193	0.4869111
194	0.5261674
195	0.8595803
196	0.128112
197	0.2119248
198	0.2257764
199	0.2782165
200	0.2814922
201	0.2532173
202	0.3483817
203	0.9287199
204	0.8621399
205	0.7750915
206	0.1658325
207	0.04728782
208	0.1129881
209	0.01507123
210	0.01644289
211	0.02308708
212	0.04140989
213	0.7481678
214	0.9450137
215	0.06186592
216	0.07136022
217	0.1467981
218	0.410635
219	0.9025612
220	0.9061349
221	0.9409539
222	0.9033069
223	0.1225132
224	0.1501089
225	0.1236978
226	0.08572846
227	0.5995898
228	0.51591
229	0.5190046
230	0.5006974
231	0.4660006
232	0.1488765
233	0.1019697
234	0.09858522
235	0.09506205
236	0.1087197
237	0.1479373
238	0.1846031
239	0.8854287
240	0.8664337
241	0.8908958
242	0.9702241
243	0.9705849
244	0.9690462
245	0.8941942
246	0.882054
247	0.1703997
248	0.106086
249	0.05666348
250	0.03808224
251	0.08279067
252	0.1600028
253	0.3459562
254	0.8828204
255	0.6048416
256	0.5476742
257	0.4800527
258	0.1933705
259	0.21266
260	0.3253094
261	0.2488811
262	0.04491927
263	0.04770395
264	0.5361435
265	0.6684566
266	0.388139
267	0.4554538
268	0.8354858
269	0.8311133
270	0.7818641
271	0.8815986
272	0.8003908
273	0.7672542
274	0.7491104
275	0.6758084
276	0.4318946
277	0.3655598
278	0.413952
279	0.4433813
280	0.4103429
281	0.7306434
282	0.2561037
283	0.2051042
284	0.240886
285	0.11918
286	0.1159506
287	0.2733335
288	0.571351
289	0.6194262
290	0.7943184
291	0.144416
292	0.0893799
293	0.06913944
294	0.05558198
295	0.02765487
296	0.04136823
297	0.06933392
298	0.2305672
299	0.9932276
300	0.9937156
301	0.9908099
302	0.9923513
303	0.2338733
304	0.08205889
305	0.03720358
306	0.03849434
307	0.002280014
308	0.01091763
309	0.02543631
310	0.1204069
311	0.6549394
312	0.6409542
313	0.03790827
314	0.03003639
315	0.02239935
316	0.05581732
317	0.08388444
318	0.3558761
319	0.9851889
320	0.9868824
321	0.9911658
322	0.3553698
323	0.06981045
324	0.04292591
325	0.05114182
326	0.04763195
327	0.201616
328	0.7883049
329	0.6460896
330	0.6407322
331	0.6792807
332	0.6199315
333	0.6791027
334	0.751712
335	0.8379306
336	0.8010182
337	0.8552751
338	0.05796879
339	0.01442084
340	0.02332726
341	0.01591285
342	0.01820796
343	0.02322806
344	0.02076877
345	0.05350088
346	0.917551
347	0.9698027
348	0.9599565
349	0.9538337
350	0.09195807
351	0.05519357
352	0.03425735
353	0.0356525
354	0.2273027
355	0.2665387
356	0.2885823
357	0.05267257
358	0.3414354
359	0.7666198
360	0.6828164
361	0.6678677
362	0.2543139
363	0.2156456
364	0.2492248
365	0.8088259
366	0.9439959
367	0.9608146
368	0.7808786
369	0.7847817
370	0.8053601
371	0.07427858
372	0.04869939
373	0.2827355
374	0.7612741
375	0.5641955
376	0.5250901
377	0.4218596
378	0.522788
379	0.7673856
380	0.9055656
381	0.8599191
382	0.8340541
383	0.4064267
384	0.1990006
385	0.2181799
386	0.1752129
387	0.2426118
388	0.8244984
389	0.8217925
390	0.8579885
391	0.1711049
392	0.08663296
393	0.02827554
394	0.1877383
395	0.09155508
396	0.3373473
397	0.7983592
398	0.1631325
399	0.1815356
400	0.9516792
401	0.8993924
402	0.9069983
403	0.7923583
404	0.0437342
405	0.04591058
406	0.8160902
407	0.3298978
408	0.04925209
409	0.04313277
410	0.03674571
411	0.0707487
412	0.221547
413	0.9381699
414	0.9702503
415	0.4882753
416	0.3957546
417	0.04271387
418	0.05836904
419	0.1443746
420	0.5973031
421	0.5418807
422	0.904464
423	0.6555078
424	0.5881635
425	0.7850591
426	0.5431535
427	0.3328184
428	0.2014443
429	0.1305317
430	0.1838981
431	0.1866573
432	0.2141686
433	0.3294654
434	0.9743721
435	0.9780588
436	0.6699892
437	0.6711364
438	0.9249562
439	0.930058
440	0.9803761
441	0.1158945
442	0.06698418
443	0.0207144
444	0.01651975
445	0.04716649
446	0.1022588
447	0.765319
448	0.9552365
449	0.9619331
450	0.9615823
451	0.7632647
452	0.08143571
453	0.01759764
454	0.02391688
455	0.02437175
456	0.06707652
457	0.04088663
458	0.8524218
459	0.603136
460	0.5781775
461	0.8766313
462	0.8823784
463	0.251441
464	0.1800626
465	0.1268005
466	0.122342
467	0.1870271
468	0.1288235
469	0.1229131
470	0.0528758
471	0.2775036
472	0.2945501
473	0.4298224
474	0.1635601
475	0.1289195
476	0.1423975
477	0.08290698
478	0.3872728
479	0.934238
480	0.9194458
481	0.4562761
482	0.4115558
483	0.7436637
484	0.6564705
485	0.6367891
486	0.6953015
487	0.2131786
488	0.4474206
489	0.8093558
490	0.5234943
491	0.3886449
492	0.1510813
493	0.192941
494	0.2222636
495	0.4797227
496	0.4739585
497	0.4843434
498	0.571313
499	0.7000806
500	0.4428066
501	0.3154769
502	0.2188903
503	0.09859602
504	0.1097117
505	0.5993998
506	0.6810862
507	0.876
508	0.6167981
509	0.1648406
510	0.1651424
511	0.2819192
512	0.1039812
513	0.07843902
514	0.2850172
515	0.279923
516	0.3753527
517	0.2890515
518	0.5133731
519	0.4816893
520	0.1175467
521	0.06858882
522	0.3905178
523	0.396916
524	0.4574811
525	0.4469286
526	0.1363168
527	0.1604641
528	0.2453371
529	0.3129879
530	0.5454701
531	0.450412
532	0.1789611
533	0.2208198
534	0.7009777
535	0.7408516
536	0.1470947
537	0.2092126
538	0.2539017
539	0.3252692
540	0.8231967
541	0.4369741
542	0.7975632
543	0.2398349
544	0.0498908
545	0.04103682
546	0.06022031
547	0.9363442
548	0.1608068
549	0.1071456
550	0.1590003
551	0.971081
552	0.04141552
553	0.02818687
554	0.01888363
555	0.01708497
556	0.04189954
557	0.9875787
558	0.9571198
559	0.93682
560	0.04098112
561	0.02703029
562	0.07856312
563	0.09079216
564	0.09636413
565	0.9929886
566	0.1309845
567	0.06985
568	0.1141899
569	0.93522
570	0.9816937
571	0.103655
572	0.1039095
573	0.184494
574	0.379694
575	0.7031264
576	0.7800092
577	0.8822911
578	0.8397532
579	0.6865015
580	0.2050707
581	0.1681624
582	0.3059667
583	0.1943394
584	0.7388019
585	0.3105346
586	0.5430127
587	0.3658306
588	0.3270769
589	0.09075308
590	0.0717513
591	0.03522916
592	0.7348322
593	0.2998223
594	0.3435158
595	0.5974377
596	0.6893996
597	0.04446426
598	0.05343559
599	0.327159
600	0.2376487
601	0.2776206
602	0.2459743
603	0.4945072
604	0.4350804
605	0.5401483
606	0.438917
607	0.1585593
608	0.01091153
609	0.01599546
610	0.07642867
611	0.3412518
612	0.602915
613	0.5763989
614	0.4095507
615	0.3948841
616	0.6181765
617	0.7829835
618	0.7940087
619	0.9615759
620	0.9097465
621	0.4404081
622	0.1781758
623	0.2026794
624	0.3435977
625	0.9309576
626	0.9352033
627	0.9373114
628	0.9458874
629	0.9510298
630	0.9275484
631	0.9341188
632	0.6440843
633	0.6081245
634	0.6121262
635	0.4811947
636	0.7481552
637	0.7650068
638	0.7750682
639	0.9515223
640	0.9404332
641	0.9574919
642	0.992454
643	0.08201283
644	0.06876515
645	0.0519839
646	0.05654493
647	0.05789836
648	0.2066309
649	0.9651826
650	0.9831486
651	0.9848539
652	0.990147
653	0.9922842
654	0.2197751
655	0.01032204
656	0.006531339
657	0.01341217
658	0.03430104
659	0.1084178
660	0.9713238
661	0.9835765
662	0.8341937
663	0.7579821
664	0.7633228
665	0.3632218
666	0.3012726
667	0.381718
668	0.8054602
669	0.7632205
670	0.7172278
671	0.4691517
672	0.211456
673	0.3663323
674	0.4416642
675	0.03647871
676	0.1146638
677	0.4365035
678	0.3329549
679	0.3985795
680	0.3728879
681	0.4350276
682	0.1181517
683	0.1306784
684	0.7046325
685	0.8739921
686	0.01918236
687	0.07247843
688	0.06232733
689	0.9773816
690	0.7447696
691	0.1578219
692	0.7497966
693	0.710003
694	0.02646978
695	0.02481262
696	0.03553772
697	0.07407947
698	0.2885562
699	0.0638593
700	0.02044371
701	0.03942991
702	0.119427
703	0.09837986
704	0.81653
705	0.8083864
706	0.1312076
707	0.1477041
708	0.1533703
709	0.9142666
710	0.1493551
711	0.07040775
712	0.07446407
713	0.8985718
714	0.9479101
715	0.9782565
716	0.8572503
717	0.859513
718	0.03626294
719	0.1142243
720	0.15429
721	0.1155136
722	0.1267282
723	0.3642251
724	0.1337425
725	0.1803192
726	0.2046289
727	0.149282
728	0.1438754
729	0.9297329
730	0.2934746
731	0.2638323
732	0.2116588
733	0.2089154
734	0.1026757
735	0.7267434
736	0.07272399
737	0.4663609
738	0.772812
739	0.3577413
740	0.3631339
741	0.2226654
742	0.8459188
743	0.8678525
744	0.1835675
745	0.1852696
746	0.1589583
747	0.1329184
748	0.1012835
749	0.2211601
750	0.1859136
751	0.6150065
752	0.2175406
753	0.3126896
754	0.6264496
755	0.1033632
756	0.08890107
757	0.3155537
758	0.6911434
759	0.6590497
760	0.6898347
761	0.5031309
762	0.2945933
763	0.6189121
764	0.2210148
765	0.1452829
766	0.1282869
767	0.5246021
768	0.618609
769	0.5922303
770	0.5246425
771	0.4962192
772	0.4493499
773	0.4544637
774	0.5549961
775	0.9939652
776	0.9560543
777	0.6957491
778	0.3634608
779	0.6284422
780	0.8851446
781	0.9340803
782	0.202825
783	0.1421754
784	0.1976767
785	0.1589782
786	0.3947691
787	0.6214248
788	0.5741059
789	0.2837687
790	0.2633492
791	0.2621345
792	0.2955924
793	0.2717926
794	0.2813696
795	0.30473
796	0.3894049
797	0.8028451
798	0.9481987
799	0.2333127
800	0.1575093
801	0.1440741
802	0.187946
803	0.9304732
804	0.1032395
805	0.1367504
806	0.1464394
807	0.1449696
808	0.1207146
809	0.07986426
810	0.8511687
811	0.8883619
812	0.8313838
813	0.843024
814	0.856918
815	0.9324287
816	0.9292337
817	0.9756153
818	0.8959468
819	0.8365818
820	0.8534606
821	0.8643876
822	0.05750618
823	0.1150598
824	0.02785923
825	0.02842877
826	0.02163856
827	0.02985947
828	0.2360386
829	0.1695076
830	0.1582776
831	0.08412836
832	0.7830995
833	0.761541
834	0.576183
835	0.8455358
836	0.07342443
837	0.02110047
838	0.02897427
839	0.01804831
840	0.02986924
841	0.01907821
842	0.02321301
843	0.11152
844	0.1545114
845	0.3007908
846	0.3756826
847	0.1208466
848	0.08380911
849	0.3112639
850	0.5444327
851	0.451858
852	0.4244865
853	0.4136423
854	0.2058424
855	0.2349785
856	0.3287346
857	0.4198465
858	0.3515362
859	0.3108031
860	0.3709255
861	0.1375873
862	0.08428291
863	0.3865399
864	0.4753207
865	0.4203185
866	0.7004845
867	0.5891241
868	0.5392781
869	0.1943762
870	0.2101859
871	0.3632168
872	0.1505522
873	0.1024998
874	0.1235469
875	0.2327137
876	0.3115609
877	0.961958
878	0.1560097
879	0.1209164
880	0.1626374
881	0.9187645
882	0.09600412
883	0.03472217
884	0.05294593
885	0.5030683
886	0.9586165
887	0.9630534
888	0.8136545
889	0.8119878
890	0.9805252
891	0.9509324
892	0.9798769
893	0.9869641
894	0.9879489
895	0.9896466
896	0.9717025
897	0.9734351
898	0.9811557
899	0.9835103
900	0.9837275
901	0.9746494
902	0.9746046
903	0.8334603
904	0.4466131
905	0.976007
906	0.2078722
907	0.2011896
908	0.1677674
909	0.8902351
910	0.1149288
911	0.07631316
912	0.08246473
913	0.810029
914	0.1566972
915	0.214916
916	0.176849
917	0.1162288
918	0.1718802
919	0.4421129
920	0.4265407
921	0.3668124
922	0.2649801
923	0.5209176
924	0.6776303
925	0.8752855
926	0.8449616
927	0.6473909
928	0.5116659
929	0.4241326
930	0.5233992
931	0.4587773
932	0.1243742
933	0.2896132
934	0.3293467
935	0.2565836
936	0.07382374
937	0.098613
938	0.2341049
939	0.6689306
940	0.4549369
941	0.4607528
942	0.6177917
943	0.7327322
944	0.4870502
945	0.2534975
946	0.3381326
947	0.230792
948	0.1760288
949	0.5010565
950	0.1431443
951	0.3370436
952	0.3974324
953	0.1156491
954	0.1366993
955	0.120438
956	0.1233483
957	0.1207392
958	0.07197214
959	0.06372802
960	0.07303336
961	0.06456167
962	0.9160857
963	0.9260908
964	0.9324696
965	0.1092626
966	0.1008684
967	0.06972346
968	0.0694306
969	0.08427432
970	0.9481314
971	0.07748324
972	0.09499774
973	0.04932412
974	0.04601788
975	0.6204624
976	0.5590915
977	0.5519165
978	0.672987
979	0.5155413
980	0.4051801
981	0.5665578
982	0.7203868
983	0.57148
984	0.23545
985	0.2321747
986	0.2096561
987	0.2774817
988	0.490305
989	0.7508382
990	0.6594073
991	0.3185235
992	0.1628348
993	0.1385986
994	0.3866001
995	0.387685
996	0.09929205
997	0.07482899
998	0.360709
999	0.3199504
1000	0.2362199
1001	0.7147328
1002	0.7592744
1003	0.8330704
1004	0.8404513
1005	0.8156558
1006	0.9600659
1007	0.9198618
1008	0.8239075
1009	0.7647087
1010	0.3342964
1011	0.2241715
1012	0.1902487
1013	0.1852173
1014	0.1538669
1015	0.1656957
1016	0.3012786
1017	0.1670956
1018	0.169108
1019	0.7503992
1020	0.7502026
1021	0.7171385
1022	0.6647417
1023	0.764208
1024	0.7920576
1025	0.8233842
1026	0.3740202
1027	0.1284844
1028	0.06129995
1029	0.6582418
1030	0.1458567
1031	0.05410926
1032	0.1366943
1033	0.04279989
1034	0.7521703
1035	0.8111376
1036	0.8390484
1037	0.7871847
1038	0.02115124
1039	0.03667169
1040	0.1874575
1041	0.2954932
1042	0.7971398
1043	0.2930924
1044	0.2785315
1045	0.160833
1046	0.3275797
1047	0.3537364
1048	0.5211786
1049	0.9269678
1050	0.9381012
1051	0.9706896
1052	0.576743
1053	0.4283114
1054	0.4175626
1055	0.6537909
1056	0.8488981
1057	0.7985652
1058	0.8027812
1059	0.8774487
1060	0.3524094
1061	0.3043063
1062	0.2957509
1063	0.308804
1064	0.2568344
1065	0.2172236
1066	0.2186298
1067	0.2449572
1068	0.411982
1069	0.8631781
1070	0.838764
1071	0.9087113
1072	0.983679
1073	0.9462394
1074	0.9327633
1075	0.8860472
1076	0.7609494
1077	0.4008948
1078	0.3790309
1079	0.2269433
1080	0.2574689
1081	0.3242003
1082	0.8597536
1083	0.8318376
1084	0.648124
1085	0.1768492
1086	0.1949647
1087	0.21764
1088	0.1802628
1089	0.1313082
1090	0.1656277
1091	0.1847318
1092	0.8858468
1093	0.07946577
1094	0.020823
1095	0.0146996
1096	0.01423251
1097	0.02475195
1098	0.1391811
1099	0.2552
1100	0.9588365
1101	0.9566532
1102	0.9630128
1103	0.9559179
1104	0.2353462
1105	0.1011624
1106	0.02739793
1107	0.02959711
1108	0.02213828
1109	0.02553826
1110	0.1113318
1111	0.9762289
1112	0.2319488
1113	0.1683264
1114	0.187681
1115	0.1677783
1116	0.9151579
1117	0.2092919
1118	0.1681427
1119	0.2912671
1120	0.5974273
1121	0.5476012
1122	0.5104309
1123	0.7003888
1124	0.7567548
1125	0.7579862
1126	0.8275493
1127	0.5247388
1128	0.3937123
1129	0.4672374
1130	0.4766103
1131	0.6667724
1132	0.436467
1133	0.2497497
1134	0.2289833
1135	0.2174576
1136	0.124223
1137	0.6907002
1138	0.1827422
1139	0.2117428
1140	0.3700648
1141	0.322549
1142	0.3850184
1143	0.9097953
1144	0.9289945
1145	0.9280879
1146	0.8260201
1147	0.8603088
1148	0.9347625
1149	0.958664
1150	0.8762118
1151	0.8234146
1152	0.789217
1153	0.5986579
1154	0.7677589
1155	0.7981077
1156	0.3565625
1157	0.3430188
1158	0.388678
1159	0.3838462
1160	0.4324955
1161	0.9157203
1162	0.3446424
1163	0.3132332
1164	0.3035361
1165	0.3384637
1166	0.327865
1167	0.2829117
1168	0.2276703
1169	0.1210814
1170	0.02488011
1171	0.01115888
1172	0.07460134
1173	0.9674672
1174	0.7553672
1175	0.9484715
1176	0.1887769
1177	0.07645048
1178	0.09895024
1179	0.1181779
1180	0.1644157
1181	0.1862861
1182	0.9314057
1183	0.9270989
1184	0.1101813
1185	0.0844187
1186	0.07851232
1187	0.1186098
1188	0.1237515
1189	0.9661554
1190	0.9844805
1191	0.9885737
1192	0.9624699
1193	0.9567151
1194	0.01569439
1195	0.01704306
1196	0.02316085
1197	0.02130171
1198	0.1205782
1199	0.9785964
1200	0.9637866
1201	0.1857412
1202	0.1299209
1203	0.1251083
1204	0.03804188
1205	0.03094551
1206	0.09587909
1207	0.8239314
1208	0.6832129
1209	0.9620139
1210	0.2975598
1211	0.2570994
1212	0.2680598
1213	0.1679319
1214	0.05228584
1215	0.07688988
1216	0.2504593
1217	0.5555775
1218	0.5422246
1219	0.5487433
1220	0.5785169
1221	0.2183032
1222	0.07850021
1223	0.08554025
1224	0.07063918
1225	0.09021611
1226	0.06484242
1227	0.05034929
1228	0.1007586
1229	0.1102884
1230	0.0912335
1231	0.9581404
1232	0.9619726
1233	0.9855408
1234	0.9887888
1235	0.0774931
1236	0.07715147
1237	0.1263384
1238	0.1097491
1239	0.1731814
1240	0.2031535
1241	0.2598999
1242	0.2822289
1243	0.3185803
1244	0.4814269
1245	0.9186477
1246	0.8591037
1247	0.4238525
1248	0.4685375
1249	0.4509556
1250	0.8308723
1251	0.9681361
1252	0.3302299
1253	0.1462674
1254	0.06601873
1255	0.0853017
1256	0.1267626
1257	0.1198229
1258	0.1731027
1259	0.1583
1260	0.6602502
1261	0.3601953
1262	0.2429596
1263	0.8028997
1264	0.9520018
1265	0.8556714
1266	0.7752012
1267	0.8813422
1268	0.5400204
1269	0.5528202
1270	0.7862066
1271	0.09341897
1272	0.04585905
1273	0.01709037
1274	0.009578023
1275	0.08537248
1276	0.2554219
1277	0.191496
1278	0.3243376
1279	0.5871703
1280	0.5263784
1281	0.5245845
1282	0.9707384
1283	0.9607841
1284	0.9527877
1285	0.9321659
1286	0.8769415
1287	0.8077755
1288	0.806546
1289	0.729574
1290	0.7399373
1291	0.5406993
1292	0.5520628
1293	0.3805776
1294	0.3408769
1295	0.3333771
1296	0.3879131
1297	0.5421958
1298	0.2199829
1299	0.3115716
1300	0.3604419
1301	0.2212817
1302	0.229999
1303	0.3727753
1304	0.6236593
1305	0.7947665
1306	0.7724905
1307	0.8772605
1308	0.9301702
1309	0.8029048
1310	0.7368546
1311	0.7110175
1312	0.7422138
1313	0.2125515
1314	0.2081304
1315	0.422577
1316	0.4786908
1317	0.7617586
1318	0.1708667
1319	0.1696068
1320	0.2289029
1321	0.946617
1322	0.8132897
1323	0.03049764
1324	0.06843077
1325	0.9734237
1326	0.9720372
1327	0.9523456
1328	0.193502
1329	0.03133823
1330	0.02526391
1331	0.1532368
1332	0.9144433
1333	0.8564557
1334	0.8762685
1335	0.9156093
1336	0.9742163
1337	0.9790959
1338	0.9341835
1339	0.2022038
1340	0.03159948
1341	0.03548529
1342	0.1442345
1343	0.91503
1344	0.8876872
1345	0.8929812
1346	0.05807828
1347	0.07398264
1348	0.9114659
1349	0.8105401
1350	0.03471674
1351	0.04756021
1352	0.1885735
1353	0.4004999
1354	0.3259357
1355	0.2265203
1356	0.3354142
1357	0.8854915
1358	0.05640489
1359	0.08203502
1360	0.1833932
1361	0.1021663
1362	0.1709474
1363	0.8907144
1364	0.9026603
1365	0.9146548
1366	0.9678382
1367	0.900301
1368	0.2230248
1369	0.1194015
1370	0.06002399
1371	0.1434289
1372	0.1806849
1373	0.6908121
1374	0.7647002
1375	0.1983074
1376	0.1528791
1377	0.1505178
1378	0.1173965
1379	0.6737605
1380	0.7005567
1381	0.6236746
1382	0.8154997
1383	0.3008272
1384	0.3326352
1385	0.3616615
1386	0.4463464
1387	0.7363869
1388	0.7284494
1389	0.04575688
1390	0.09938043
1391	0.8855628
1392	0.1756236
1393	0.08504096
1394	0.03118465
1395	0.05270933
1396	0.1291248
1397	0.2707606
1398	0.9464026
1399	0.9509192
1400	0.9901773
1401	0.9624679
1402	0.9563135
1403	0.2759809
1404	0.1706754
1405	0.154923
1406	0.07623192
1407	0.05685871
1408	0.04045935
1409	0.9238126
1410	0.2587807
1411	0.2549884
1412	0.7599253
1413	0.6730891
1414	0.5679986
1415	0.5866876
1416	0.4711195
1417	0.6376211
1418	0.4677173
1419	0.6658385
1420	0.1767674
1421	0.1439258
1422	0.2831193
1423	0.03376487
1424	0.107859
1425	0.03723683
1426	0.09492979
1427	0.08051964
1428	0.1837065
1429	0.3378903
1430	0.7393069
1431	0.7328953
1432	0.6313844
1433	0.77725
1434	0.4290499
1435	0.4401116
1436	0.4640192
1437	0.453465
1438	0.4034305
1439	0.501815
1440	0.911689
1441	0.522161
1442	0.2612926
1443	0.2556126
1444	0.3271481
1445	0.930316
1446	0.7843966
1447	0.8105516
1448	0.8072843
1449	0.3794175
1450	0.4034832
1451	0.3538469
1452	0.309432
1453	0.29512
1454	0.2873428
1455	0.2898488
1456	0.370735
1457	0.8742842
1458	0.5805981
1459	0.4450829
1460	0.09034045
1461	0.4713839
1462	0.2791151
1463	0.1720194
1464	0.9610997
1465	0.074351
1466	0.01474098
1467	0.01093812
1468	0.03365785
1469	0.1957801
1470	0.9701099
1471	0.1078321
1472	0.01414924
1473	0.01941639
1474	0.02966031
1475	0.07054061
1476	0.3594333
1477	0.9884192
1478	0.9891277
1479	0.9971023
1480	0.3639524
1481	0.08682383
1482	0.06290754
1483	0.06848103
1484	0.07939332
1485	0.1623405
1486	0.2580838
1487	0.1165151
1488	0.087106
1489	0.09910036
1490	0.1992842
1491	0.9872471
1492	0.3737904
1493	0.4124512
1494	0.5930882
1495	0.3249393
1496	0.5858804
1497	0.9300261
1498	0.5847191
1499	0.4994942
1500	0.5502942
1501	0.2412256
1502	0.09437563
1503	0.03719537
1504	0.08353195
1505	0.215302
1506	0.2003137
1507	0.177888
1508	0.4458969
1509	0.6796652
1510	0.4639493
1511	0.3653819
1512	0.4239313
1513	0.3650537
1514	0.2587751
1515	0.1452445
1516	0.2021728
1517	0.5479853
1518	0.5273258
1519	0.4158219
1520	0.4397134
1521	0.546903
1522	0.7515816
1523	0.8145736
1524	0.8068386
1525	0.2474806
1526	0.1356918
1527	0.2759176
1528	0.46721
1529	0.6206725
1530	0.8793695
1531	0.871176
1532	0.703069
1533	0.4489428
1534	0.3522479
1535	0.4474974
1536	0.5265275
1537	0.6734026
1538	0.6640169
1539	0.6305359
1540	0.7220965
1541	0.891379
1542	0.6781322
1543	0.6127684
1544	0.6623708
1545	0.2963484
1546	0.4499688
1547	0.3988723
1548	0.5906988
1549	0.6713156
1550	0.9580352
1551	0.9160284
1552	0.9194188
1553	0.4362344
1554	0.08765589
1555	0.0612929
1556	0.1140536
1557	0.855631
1558	0.9593943
1559	0.8937994
1560	0.8717745
1561	0.8499029
1562	0.8635242
1563	0.151583
1564	0.206421
1565	0.2791037
1566	0.3805569
1567	0.871721
1568	0.9571407
1569	0.960888
1570	0.7714382
1571	0.9424134
1572	0.9209107
1573	0.1928658
1574	0.2472572
1575	0.2246787
1576	0.2087555
1577	0.2450816
1578	0.5111991
1579	0.4511651
1580	0.1897384
1581	0.1756714
1582	0.1720924
1583	0.2197696
1584	0.3405167
1585	0.8310951
1586	0.785358
1587	0.8700064
1588	0.8658562
1589	0.8351646
1590	0.9292051
1591	0.2391337
1592	0.06591962
1593	0.05554437
1594	0.05873431
1595	0.1148948
1596	0.8446749
1597	0.256974
1598	0.01753828
1599	0.02754997
1600	0.07386893
1601	0.08868164
1602	0.1062619
1603	0.9952498
1604	0.9944057
1605	0.9977356
1606	0.9955991
1607	0.9674327
1608	0.94871
1609	0.04736184
1610	0.04959789
1611	0.09866673
1612	0.09559379
1613	0.1551794
1614	0.2595298
1615	0.8101771
1616	0.07850479
1617	0.03566854
1618	0.04249692
1619	0.2074006
1620	0.1128935
1621	0.2345976
1622	0.1763559
1623	0.2557754
1624	0.2579366
1625	0.296323
1626	0.2032257
1627	0.182175
1628	0.160418
1629	0.3424587
1630	0.400891
1631	0.2680224
1632	0.7782978
1633	0.6863451
1634	0.2946925
1635	0.6821527
1636	0.6494064
1637	0.6688444
1638	0.769318
1639	0.7303671
1640	0.1798184
1641	0.2033752
1642	0.1934885
1643	0.1914463
1644	0.2406591
1645	0.9642141
1646	0.9419211
1647	0.1227985
1648	0.1296196
1649	0.1174512
1650	0.1192873
1651	0.1072973
1652	0.9111257
1653	0.08923489
1654	0.2011511
1655	0.929778
1656	0.9394582
1657	0.9889553
1658	0.9137194
1659	0.2030477
1660	0.1115065
1661	0.9411714
1662	0.1382081
1663	0.0892965
1664	0.1359827
1665	0.1260268
1666	0.1552461
1667	0.9398929
1668	0.9432783
1669	0.2319617
1670	0.05343525
1671	0.02163176
1672	0.01264575
1673	0.0239594
1674	0.8087783
1675	0.9255521
1676	0.91978
1677	0.8429136
1678	0.8793249
1679	0.905202
1680	0.675316
1681	0.3656816
1682	0.553469
1683	0.6154228
1684	0.2232558
1685	0.2273363
1686	0.2032352
1687	0.08432814
1688	0.09417537
1689	0.07937281
1690	0.04483801
1691	0.03638493
1692	0.1252171
1693	0.08004511
1694	0.08481226
1695	0.09589042
1696	0.1511432
1697	0.1429478
1698	0.2075753
1699	0.8478004
1700	0.9927356
1701	0.9923794
1702	0.990116
1703	0.9922514
1704	0.9761124
1705	0.1270852
1706	0.05842845
1707	0.06288445
1708	0.07207731
1709	0.09686362
1710	0.04957408
1711	0.03039001
1712	0.03239722
1713	0.3105698
1714	0.3489337
1715	0.3690362
1716	0.2007987
1717	0.0610337
1718	0.077299
1719	0.2233298
1720	0.1865189
1721	0.7651047
1722	0.714962
1723	0.2187778
1724	0.1594893
1725	0.408939
1726	0.696924
1727	0.7106298
1728	0.7310233
1729	0.6977581
1730	0.7283742
1731	0.7893361
1732	0.1103954
1733	0.09873732
1734	0.09280477
1735	0.1136242
1736	0.09665162
1737	0.09656404
1738	0.1005386
1739	0.9488896
1740	0.9522655
1741	0.9936558
1742	0.986659
1743	0.9574823
1744	0.9243549
1745	0.927536
1746	0.9617276
1747	0.02578883
1748	0.0275512
1749	0.01585329
1750	0.01852937
1751	0.02567189
1752	0.04605366
1753	0.09114607
1754	0.8742039
1755	0.8812742
1756	0.9164835
1757	0.8002407
1758	0.1613555
1759	0.2022095
1760	0.1558574
1761	0.3985243
1762	0.6606154
1763	0.8205389
1764	0.7966339
1765	0.8301166
1766	0.5099391
1767	0.426189
1768	0.3089452
1769	0.7463033
1770	0.2048696
1771	0.2236251
1772	0.2031988
1773	0.1615595
1774	0.1479119
1775	0.1361984
1776	0.1371917
1777	0.1332019
1778	0.1407653
1779	0.1458728
1780	0.1852132
1781	0.2139236
1782	0.8954022
1783	0.8177219
1784	0.8140942
1785	0.8587074
1786	0.8954691
1787	0.9008854
1788	0.9208789
1789	0.8631774
1790	0.1290979
1791	0.08108059
1792	0.0752587
1793	0.06471738
1794	0.1284893
1795	0.0666196
1796	0.08306765
1797	0.01898985
1798	0.004426756
1799	0.02623187
1800	0.1807334
1801	0.02864535
1802	0.6832141
1803	0.5926396
1804	0.9335848
1805	0.2718809
1806	0.3501775
1807	0.5690639
1808	0.9542763
1809	0.8734723
1810	0.7555721
1811	0.7345258
1812	0.6076237
1813	0.1773245
1814	0.176362
1815	0.462219
1816	0.3294531
1817	0.7580914
1818	0.8818397
1819	0.9261367
1820	0.8482196
1821	0.9199914
1822	0.4867857
1823	0.2706349
1824	0.1877037
1825	0.1337568
1826	0.2134869
1827	0.9462747
1828	0.9751188
1829	0.3768272
1830	0.0191891
1831	0.01573746
1832	0.009216368
1833	0.01313418
1834	0.7781082
1835	0.0805553
1836	0.005395883
1837	0.07212412
1838	0.1656816
1839	0.02968192
1840	0.02686052
1841	0.8820335
1842	0.02553875
1843	0.0137049
1844	0.8736894
1845	0.0280682
1846	0.02865163
1847	0.066951
1848	0.08412455
1849	0.3496057
1850	0.9320709
1851	0.9465708
1852	0.9659428
1853	0.3826681
1854	0.1303804
1855	0.1416641
1856	0.127513
1857	0.07945809
1858	0.09752901
1859	0.0632603
1860	0.07911734
1861	0.1234795
1862	0.1623925
1863	0.1541151
1864	0.1632088
1865	0.2461654
1866	0.1512124
1867	0.1560947
1868	0.2133085
1869	0.1622403
1870	0.2408176
1871	0.3060568
1872	0.3032863
1873	0.1857795
1874	0.2614171
1875	0.3519244
1876	0.7731797
1877	0.8387662
1878	0.8376983
1879	0.03402124
1880	0.02313157
1881	0.05746711
1882	0.2342295
1883	0.2362759
1884	0.7064808
1885	0.6814999
1886	0.7047743
1887	0.9214476
1888	0.2236401
1889	0.1808477
1890	0.174748
1891	0.1619281
1892	0.9530856
1893	0.9245055
1894	0.879412
1895	0.8611293
1896	0.1077741
1897	0.08570754
1898	0.0683715
1899	0.2305332
1900	0.4939916
1901	0.4369876
1902	0.4395291
1903	0.4702048
1904	0.4611067
1905	0.9188337
1906	0.9210973
1907	0.8967579
1908	0.8855126
1909	0.750408
1910	0.647305
1911	0.7272644
1912	0.7362397
1913	0.7686572
1914	0.6958281
1915	0.6351391
1916	0.3878974
1917	0.3817687
1918	0.3141417
1919	0.2427939
1920	0.4453095
1921	0.3016859
1922	0.3972727
1923	0.3824276
1924	0.3955737
1925	0.5230384
1926	0.2421162
1927	0.193003
1928	0.1460055
1929	0.2006018
1930	0.4705015
1931	0.9756452
1932	0.9784466
1933	0.917178
1934	0.3476874
1935	0.05437482
1936	0.0204747
1937	0.06202074
1938	0.2173463
1939	0.4880987
1940	0.3974144
1941	0.05136844
1942	0.04172236
1943	0.02519822
1944	0.0769988
1945	0.07397535
1946	0.1001314
1947	0.1003607
1948	0.04664244
1949	0.6664365
1950	0.2990582
1951	0.2821741
1952	0.1603475
1953	0.6793117
1954	0.656766
1955	0.6489741
1956	0.6668091
1957	0.7497655
1958	0.1093526
1959	0.08604573
1960	0.1170812
1961	0.7435967
1962	0.326495
1963	0.3067761
1964	0.09592993
1965	0.1535787
1966	0.4883264
1967	0.1747458
1968	0.2571394
1969	0.1821109
1970	0.2931425
1971	0.3095059
1972	0.4040489
1973	0.8648184
1974	0.641058
1975	0.6239251
1976	0.5625919
1977	0.5698106
1978	0.4304589
1979	0.4465529
1980	0.4839121
1981	0.2357158
1982	0.2705261
1983	0.4231284
1984	0.06953014
1985	0.111423
1986	0.4801903
1987	0.08217833
1988	0.2152551
1989	0.4234528
1990	0.4292631
1991	0.4639721
1992	0.2334644
1993	0.5301257
1994	0.4417506
1995	0.2203083
1996	0.1595203
1997	0.4111111
1998	0.1570356
1999	0.4117488
2000	0.4241865
2001	0.09927596
2002	0.05961708
2003	0.05091768
2004	0.02430999
2005	0.02154092
2006	0.06388245
2007	0.2673931
2008	0.7800081
2009	0.7299123
2010	0.7271042
2011	0.266569
2012	0.11874
2013	0.2674628
2014	0.2945213
2015	0.2918222
2016	0.2602355
2017	0.3001208
2018	0.6209035
2019	0.5325017
2020	0.2213164
2021	0.1922722
2022	0.1762834
2023	0.3698244
2024	0.6880961
2025	0.7249479
2026	0.5907068
2027	0.9180967
2028	0.9350723
2029	0.9697375
2030	0.6043981
2031	0.5556523
2032	0.5077033
2033	0.14028
2034	0.1796976
2035	0.01656681
2036	0.03969047
2037	0.02902247
2038	0.05739545
2039	0.4358199
2040	0.6779373
2041	0.9794887
2042	0.7110405
2043	0.1466729
2044	0.1491024
2045	0.921612
2046	0.3829795
2047	0.3342737
2048	0.09838768
2049	0.1202395
2050	0.1537755
2051	0.5879361
2052	0.9402804
2053	0.7873577
2054	0.7631212
2055	0.7558652
2056	0.4911293
2057	0.09777543
2058	0.08519902
2059	0.1342222
2060	0.9388027
2061	0.2337598
2062	0.1439149
2063	0.08584096
2064	0.02171144
2065	0.02269451
2066	0.9557139
2067	0.8686568
2068	0.8975813
2069	0.8934486
2070	0.8884837
2071	0.05045408
2072	0.05426896
2073	0.1648634
2074	0.1580543
2075	0.2400985
2076	0.989135
2077	0.1485125
2078	0.1088872
2079	0.152876
2080	0.2148592
2081	0.184116
2082	0.02538839
2083	0.0234044
2084	0.5912151
2085	0.1056041
2086	0.1097781
2087	0.6544959
2088	0.1750344
2089	0.1461116
2090	0.7491745
2091	0.3822868
2092	0.3094697
2093	0.3686619
2094	0.3697458
2095	0.5327565
2096	0.5094245
2097	0.7217884
2098	0.6658184
2099	0.7611642
2100	0.9814752
2101	0.2444756
2102	0.1130101
2103	0.08317946
2104	0.07887874
2105	0.9086128
2106	0.9213435
2107	0.8348521
2108	0.8396279
2109	0.9372036
2110	0.9283406
2111	0.1785172
2112	0.1724722
2113	0.2127063
2114	0.126003
2115	0.655863
2116	0.6639474
2117	0.3171252
2118	0.5348295
2119	0.1692976
2120	0.3811509
2121	0.2454051
2122	0.5128135
2123	0.449307
2124	0.2207979
2125	0.2533906
2126	0.2953599
2127	0.4378488
2128	0.3539994
2129	0.10538
2130	0.04762849
2131	0.05183798
2132	0.05036427
2133	0.03384824
2134	0.1271803
2135	0.873751
2136	0.02206625
2137	0.06716816
2138	0.1288773
2139	0.3347225
2140	0.7465694
2141	0.9855388
2142	0.9877446
2143	0.9901695
2144	0.9924438
2145	0.9908126
2146	0.9930524
2147	0.9967739
2148	0.9769908
2149	0.1205043
2150	0.06557747
2151	0.1013684
2152	0.03417322
2153	0.02534905
2154	0.0403586
2155	0.06302786
2156	0.1389322
2157	0.1630649
2158	0.5510562
2159	0.9725183
2160	0.3142143
2161	0.09480666
2162	0.5841768
2163	0.7042145
2164	0.8131156
2165	0.9563102
2166	0.7062681
2167	0.340579
2168	0.5311085
2169	0.8426738
2170	0.9486161
2171	0.9174127
2172	0.9701981
2173	0.9698582
2174	0.9018726
2175	0.3445893
2176	0.1180773
2177	0.1052279
2178	0.1027878
2179	0.03507968
2180	0.3208571
2181	0.3203573
2182	0.41095
2183	0.1913582
2184	0.2266741
2185	0.2933426
2186	0.02925609
2187	0.1106668
2188	0.4426909
2189	0.4774561
2190	0.6786193
2191	0.6172448
2192	0.6075301
2193	0.2288683
2194	0.3774035
2195	0.493366
2196	0.7082099
2197	0.6850371
2198	0.8499252
2199	0.9528398
2200	0.8764428
2201	0.8458588
2202	0.8546577
2203	0.9312007
2204	0.9686981
2205	0.9674392
2206	0.8980729
2207	0.8266058
2208	0.2932787
2209	0.3109878
2210	0.4993809
2211	0.8517765
2212	0.811056
2213	0.02937883
2214	0.04278144
2215	0.2241142
2216	0.2165713
2217	0.9360384
2218	0.9767794
2219	0.1181839
2220	0.1144849
2221	0.1337942
2222	0.2572576
2223	0.9683407
2224	0.9527824
2225	0.9469583
2226	0.464925
2227	0.2261981
2228	0.1348448
2229	0.5362776
2230	0.9368348
2231	0.8517656
2232	0.8821325
2233	0.4929579
2234	0.5002135
2235	0.03932355
2236	0.4464161
2237	0.5039708
2238	0.8454812
2239	0.3720196
2240	0.271569
2241	0.0523326
2242	0.0246307
2243	0.8806246
2244	0.7784324
2245	0.1066513
2246	0.1362076
2247	0.2489099
2248	0.2576949
2249	0.9862973
2250	0.9834497
2251	0.9731503
2252	0.9661542
2253	0.865545
2254	0.8311983
2255	0.8005904
2256	0.6971039
2257	0.2916825
2258	0.2762974
2259	0.4488439
2260	0.4873963
2261	0.6308303
2262	0.7661603
2263	0.4286336
2264	0.6181692
2265	0.4043714
2266	0.08312578
2267	0.2322219
2268	0.3521974
2269	0.606146
2270	0.6406309
2271	0.5901961
2272	0.8290733
2273	0.7070802
2274	0.5303585
2275	0.5713923
2276	0.4327476
2277	0.670169
2278	0.8459848
2279	0.9420452
2280	0.6737047
2281	0.3749831
2282	0.1902324
2283	0.06790211
2284	0.04482083
2285	0.3884269
2286	0.4703693
2287	0.8893615
2288	0.8012396
2289	0.2259734
2290	0.1761036
2291	0.1737617
2292	0.1705878
2293	0.1300605
2294	0.9198458
2295	0.8861348
2296	0.8372984
2297	0.8643161
2298	0.03608523
2299	0.02122782
2300	0.1223447
2301	0.07069393
2302	0.0820717
2303	0.08366968
2304	0.3520396
2305	0.6026551
2306	0.4077723
2307	0.4501829
2308	0.4749346
2309	0.9817221
2310	0.9396925
2311	0.9330082
2312	0.6598097
2313	0.1748122
2314	0.4708958
2315	0.1424907
2316	0.04527045
2317	0.04032093
2318	0.01216335
2319	0.05922474
2320	0.09198784
2321	0.08775707
2322	0.9364566
2323	0.9668219
2324	0.1394408
2325	0.09353226
2326	0.09631996
2327	0.1306406
2328	0.3505117
2329	0.9902916
2330	0.9682254
2331	0.942446
2332	0.769952
2333	0.6482404
2334	0.7374988
2335	0.981768
2336	0.9635714
2337	0.8969468
2338	0.9157183
2339	0.8480027
2340	0.4465555
2341	0.3382583
2342	0.08747153
2343	0.09418226
2344	0.0519692
2345	0.1060215
2346	0.03029418
2347	0.04209405
2348	0.9033581
2349	0.2121928
2350	0.1428095
2351	0.9082748
2352	0.1927949
2353	0.01913178
2354	0.01339321
2355	0.1104981
2356	0.2299324
2357	0.8854778
2358	0.8768039
2359	0.8930929
2360	0.9303645
2361	0.2584464
2362	0.1713623
2363	0.188889
2364	0.1840401
2365	0.2509222
2366	0.8513853
2367	0.1041456
2368	0.1130993
2369	0.8148993
2370	0.0264823
2371	0.1426428
2372	0.53965
2373	0.585071
2374	0.1407466
2375	0.1327551
2376	0.05463923
2377	0.0799256
2378	0.1060358
2379	0.1310212
2380	0.1221276
2381	0.166228
2382	0.2345755
2383	0.9545377
2384	0.8706819
2385	0.8211053
2386	0.1609529
2387	0.1481057
2388	0.08272007
2389	0.1039104
2390	0.7546942
2391	0.3463083
2392	0.748738
2393	0.9117981
2394	0.2369353
2395	0.2129051
2396	0.2296611
2397	0.1385811
2398	0.09833797
2399	0.07277653
2400	0.04799043
2401	0.05181765
2402	0.0627616
2403	0.06720222
2404	0.08486005
2405	0.1569286
2406	0.976086
2407	0.9846439
2408	0.8870073
2409	0.982651
2410	0.9974318
2411	0.9786689
2412	0.8784905
2413	0.9910083
2414	0.9521994
2415	0.08292327
2416	0.01962436
2417	0.01907363
2418	0.03375314
2419	0.0862671
2420	0.1299668
2421	0.1495359
2422	0.1536571
2423	0.2019082
2424	0.9750766
2425	0.04131059
2426	0.04410032
2427	0.02142363
2428	0.5688462
2429	0.549704
2430	0.1998562
2431	0.5537789
2432	0.9071629
2433	0.9030509
2434	0.7417532
2435	0.5019549
2436	0.4444674
2437	0.6818443
2438	0.1169181
2439	0.09318438
2440	0.2205797
2441	0.7354112
2442	0.1327719
2443	0.2211942
2444	0.1658371
2445	0.6706358
2446	0.418392
2447	0.5180761
2448	0.8153181
2449	0.923066
2450	0.8880932
2451	0.9808922
2452	0.8011154
2453	0.8700582
2454	0.8316666
2455	0.8069315
2456	0.8624337
2457	0.9252385
2458	0.9471162
2459	0.8946361
2460	0.7501749
2461	0.8902858
2462	0.7993943
2463	0.7947809
2464	0.8626599
2465	0.7662382
2466	0.7888239
2467	0.7015248
2468	0.5628161
2469	0.0438646
2470	0.07890984
2471	0.1120047
2472	0.6626564
2473	0.369437
2474	0.4704849
2475	0.4782532
2476	0.3362872
2477	0.1827907
2478	0.2648777
2479	0.727847
2480	0.5681886
2481	0.5538575
2482	0.5471474
2483	0.4521106
2484	0.2554173
2485	0.330283
2486	0.8177941
2487	0.9397445
2488	0.9491651
2489	0.8260086
2490	0.8669044
2491	0.8424327
2492	0.4889531
2493	0.2281871
2494	0.5324162
2495	0.5409239
2496	0.1204221
2497	0.166495
2498	0.5913141
2499	0.9342023
2500	0.8113633
2501	0.8218599
2502	0.6783182
2503	0.1974303
2504	0.162172
2505	0.2156825
2506	0.7115028
2507	0.8346782
2508	0.6025663
2509	0.7289761
2510	0.8778707
2511	0.6565209
2512	0.3123377
2513	0.1722414
2514	0.1470717
2515	0.2159088
2516	0.7549377
2517	0.739201
2518	0.8526745
2519	0.8208684
2520	0.1056002
2521	0.2167746
2522	0.2339863
2523	0.5006952
2524	0.8307216
2525	0.8927301
2526	0.9032908
2527	0.8184083
2528	0.8893152
2529	0.8137956
2530	0.562193
2531	0.07107586
2532	0.0822084
2533	0.1111516
2534	0.7320375
2535	0.8480202
2536	0.9390056
2537	0.9253303
2538	0.4566548
2539	0.05231301
2540	0.02849018
2541	0.7389319
2542	0.7211214
2543	0.1544913
2544	0.1583743
2545	0.3787175
2546	0.368327
2547	0.2533043
2548	0.8816445
2549	0.7934306
2550	0.4124855
2551	0.4683324
2552	0.801017
2553	0.1293557
2554	0.1284959
2555	0.1271544
2556	0.04250904
2557	0.03344604
2558	0.06057387
2559	0.0614094
2560	0.07797754
2561	0.08156256
2562	0.08594331
2563	0.03590928
2564	0.8391333
2565	0.06429966
2566	0.06680122
2567	0.06998219
2568	0.9092432
2569	0.9358783
2570	0.9420867
2571	0.9520107
2572	0.9715579
2573	0.9603584
2574	0.02367951
2575	0.03173631
2576	0.09939557
2577	0.917169
2578	0.05851368
2579	0.07691092
2580	0.1623897
2581	0.1150379
2582	0.134046
2583	0.8600713
2584	0.07911263
2585	0.06814066
2586	0.1769039
2587	0.1870748
2588	0.2094889
2589	0.4170731
2590	0.8078086
2591	0.9792171
2592	0.6355672
2593	0.6339977
2594	0.8344328
2595	0.239758
2596	0.1354736
2597	0.2429679
2598	0.1767068
2599	0.1524256
2600	0.8809044
2601	0.8843473
2602	0.2278362
2603	0.3047586
2604	0.8622436
2605	0.8987922
2606	0.9108833
2607	0.5996339
2608	0.4479075
2609	0.3602539
2610	0.3658308
2611	0.6492163
2612	0.4000403
2613	0.3878019
2614	0.6128357
2615	0.9154181
2616	0.9840247
2617	0.9862886
2618	0.4545028
2619	0.3309114
2620	0.5777802
2621	0.3100873
2622	0.3092344
2623	0.3329267
2624	0.3140863
2625	0.714903
2626	0.2942121
2627	0.2634309
2628	0.1348766
2629	0.3140007
2630	0.03948155
2631	0.08507087
2632	0.3606019
2633	0.2735081
2634	0.1105182
2635	0.0570114
2636	0.06099882
2637	0.06244438
2638	0.04646276
2639	0.05600988
2640	0.04303354
2641	0.04411819
2642	0.2686941
2643	0.9855078
2644	0.9795813
2645	0.9701397
2646	0.2882428
2647	0.06338608
2648	0.05864881
2649	0.06107368
2650	0.06146365
2651	0.1247917
2652	0.01765466
2653	0.02418856
2654	0.1351653
2655	0.7620095
2656	0.6998713
2657	0.9509256
2658	0.979237
2659	0.544841
2660	0.147771
2661	0.3404846
2662	0.04969844
2663	0.6344067
2664	0.04604495
2665	0.02073219
2666	0.1503251
2667	0.1762943
2668	0.2836733
2669	0.8708459
2670	0.06454747
2671	0.03470858
2672	0.03838424
2673	0.04214834
2674	0.05611413
2675	0.143539
2676	0.8550406
2677	0.8634023
2678	0.9534493
2679	0.147562
2680	0.05333342
2681	0.1444728
2682	0.1310538
2683	0.1401036
2684	0.220051
2685	0.9216922
2686	0.2403768
2687	0.1601657
2688	0.03001783
2689	0.05551365
2690	0.2954268
2691	0.7290905
2692	0.650327
2693	0.08055659
2694	0.1068536
2695	0.2564452
2696	0.1889857
2697	0.1335391
2698	0.1686817
2699	0.2484271
2700	0.2921226
2701	0.4403538
2702	0.1492839
2703	0.08070202
2704	0.4801874
2705	0.4672067
2706	0.2176112
2707	0.1304395
2708	0.8925593
2709	0.4547875
2710	0.414916
2711	0.5533777
2712	0.6010759
2713	0.1795442
2714	0.3917258
2715	0.3746871
2716	0.3484125
2717	0.3029018
2718	0.1667162
2719	0.3769065
2720	0.3560203
2721	0.5282958
2722	0.6571029
2723	0.733747
2724	0.8120338
2725	0.7524531
2726	0.6203176
2727	0.760119
2728	0.8522074
2729	0.8168958
2730	0.787202
2731	0.757793
2732	0.2664456
2733	0.6673286
2734	0.2194174
2735	0.08326542
2736	0.05551878
2737	0.06894768
2738	0.2238012
2739	0.9420414
2740	0.9760061
2741	0.9483869
2742	0.1613415
2743	0.01729251
2744	0.01130491
2745	0.02861312
2746	0.8871602
2747	0.9281211
2748	0.9256069
2749	0.9424771
2750	0.98116
2751	0.9780466
2752	0.9840112
2753	0.9894329
2754	0.9822635
2755	0.9927354
2756	0.9780155
2757	0.05147285
2758	0.07080138
2759	0.06154486
2760	0.09425993
2761	0.9051745
2762	0.8678344
2763	0.924042
2764	0.4048014
2765	0.3697711
2766	0.3946804
2767	0.3675814
2768	0.3866458
2769	0.6082639
2770	0.9174905
2771	0.9281567
2772	0.9715179
2773	0.6394718
2774	0.5498039
2775	0.8773882
2776	0.9287652
2777	0.9523107
2778	0.8241104
2779	0.6908377
2780	0.6243806
2781	0.7397733
2782	0.8108766
2783	0.2406999
2784	0.1019244
2785	0.09465628
2786	0.1222653
2787	0.07277515
2788	0.03482707
2789	0.007867704
2790	0.0130907
2791	0.05225724
2792	0.03417409
2793	0.03818992
2794	0.05244471
2795	0.9599848
2796	0.9931589
2797	0.9794282
2798	0.07114465
2799	0.07469351
2800	0.07237866
2801	0.05216279
2802	0.05825459
2803	0.08789194
2804	0.09859183
2805	0.04986128
2806	0.01876206
2807	0.006974107
2808	0.02085287
2809	0.2890336
2810	0.9597036
2811	0.9728316
2812	0.9645121
2813	0.4491519
2814	0.3129508
2815	0.1641477
2816	0.1688072
2817	0.8808029
2818	0.2521594
2819	0.1092297
2820	0.05111087
2821	0.05924905
2822	0.1751161
2823	0.9345149
2824	0.9765077
2825	0.9588718
2826	0.2331437
2827	0.1760988
2828	0.1532511
2829	0.0285778
2830	0.03166907
2831	0.8344101
2832	0.8143346
2833	0.8793967
2834	0.8651349
2835	0.9766607
2836	0.9587197
2837	0.8635926
2838	0.8088364
2839	0.8381943
2840	0.9659574
2841	0.9913731
2842	0.9718981
2843	0.9118047
2844	0.8819793
2845	0.86613
2846	0.9229344
2847	0.08132955
2848	0.08243005
2849	0.1031442
2850	0.14767
2851	0.1752868
2852	0.8721335
2853	0.05782699
2854	0.04100791
2855	0.1009023
2856	0.1667312
2857	0.1556656
2858	0.2380185
2859	0.0461259
2860	0.2731737
2861	0.04925483
2862	0.2092547
2863	0.2167093
2864	0.1944306
2865	0.1049979
2866	0.3968446
2867	0.7940849
2868	0.7941156
2869	0.8745686
2870	0.9241142
2871	0.880612
2872	0.9205053
2873	0.9739268
2874	0.9851076
2875	0.4222224
2876	0.09048637
2877	0.1528831
2878	0.1575521
2879	0.1676255
2880	0.1878387
2881	0.5836839
2882	0.9808661
2883	0.9851046
2884	0.9797383
2885	0.6808009
2886	0.2365107
2887	0.1282068
2888	0.04912591
2889	0.0409987
2890	0.1179429
2891	0.007281858
2892	0.1123751
2893	0.3102602
2894	0.08981125
2895	0.08197665
2896	0.3840207
2897	0.638497
2898	0.5874868
2899	0.9470276
2900	0.9806008
2901	0.946422
2902	0.2311725
2903	0.1519465
2904	0.1242374
2905	0.09651053
2906	0.05212064
2907	0.061875
2908	0.04371917
2909	0.9422879
2910	0.9408774
2911	0.9606977
2912	0.9807656
2913	0.9775137
2914	0.9785984
2915	0.985493
2916	0.9947711
2917	0.08812504
2918	0.05567569
2919	0.05318458
2920	0.06975702
2921	0.09257767
2922	0.1366948
2923	0.2599157
2924	0.9070252
2925	0.9146277
2926	0.9536142
2927	0.9769328
2928	0.8258768
2929	0.9531248
2930	0.6508044
2931	0.2022732
2932	0.1139518
2933	0.05666465
2934	0.7171434
2935	0.73406
2936	0.1049268
2937	0.09671864
2938	0.1083271
2939	0.1455459
2940	0.1625716
2941	0.2159095
2942	0.3376836
2943	0.8855527
2944	0.8701673
2945	0.959098
2946	0.9095867
2947	0.3331229
2948	0.1778097
2949	0.1462665
2950	0.1482128
2951	0.0485893
2952	0.02684495
2953	0.07375499
2954	0.7470835
2955	0.8655683
2956	0.2990742
2957	0.3063206
2958	0.3928973
2959	0.03677187
2960	0.0814505
2961	0.04720692
2962	0.09077071
2963	0.9794782
2964	0.9827178
2965	0.9731231
2966	0.9714276
2967	0.07195634
2968	0.02191615
2969	0.02158321
2970	0.04619684
2971	0.06278955
2972	0.07356116
2973	0.907529
2974	0.9246742
2975	0.9195054
2976	0.8619913
2977	0.03090409
2978	0.04577332
2979	0.04310569
2980	0.05073763
2981	0.0329335
2982	0.1201917
2983	0.8935382
2984	0.102203
2985	0.1551519
2986	0.138699
2987	0.147202
2988	0.976803
2989	0.9086072
2990	0.4098245
2991	0.08157897
2992	0.09619047
2993	0.145735
2994	0.4006758
2995	0.3408531
2996	0.5081787
2997	0.5714093
2998	0.6750342
2999	0.7210502
3000	0.104776
3001	0.2649427
3002	0.2608834
3003	0.3090756
3004	0.9495466
3005	0.41854
3006	0.3091511
3007	0.08230352
3008	0.6802008
3009	0.6960515
3010	0.1845731
3011	0.09211131
3012	0.624341
3013	0.6516492
3014	0.7562196
3015	0.8100357
3016	0.3803695
3017	0.1112399
3018	0.6291281
3019	0.03072839
3020	0.03494456
3021	0.08881202
3022	0.3887629
3023	0.3830863
3024	0.06612032
3025	0.06454786
3026	0.5147747
3027	0.4571466
3028	0.9679585
3029	0.7384199
3030	0.8904388
3031	0.8144149
3032	0.5585175
3033	0.5240178
3034	0.2047987
3035	0.05766573
3036	0.09605274
3037	0.1076846
3038	0.1082262
3039	0.2556302
3040	0.6252302
3041	0.7709431
3042	0.7211915
3043	0.7031912
3044	0.7474955
3045	0.3329486
3046	0.1735958
3047	0.1008542
3048	0.08942255
3049	0.1058028
3050	0.07114329
3051	0.7876734
3052	0.8550491
3053	0.8401929
3054	0.9854984
3055	0.9901071
3056	0.9907814
3057	0.7546782
3058	0.05467558
3059	0.03966808
3060	0.04062775
3061	0.2691965
3062	0.369695
3063	0.4912467
3064	0.84517
3065	0.6796272
3066	0.6632544
3067	0.7230476
3068	0.8870031
3069	0.983702
3070	0.9808991
3071	0.9637514
3072	0.6195939
3073	0.6552924
3074	0.6728328
3075	0.7373919
3076	0.989671
3077	0.9816981
3078	0.04761319
3079	0.03419895
3080	0.02566927
3081	0.0590146
3082	0.8530208
3083	0.6235755
3084	0.9297501
3085	0.09676069
3086	0.04188382
3087	0.03538651
3088	0.06513669
3089	0.9499366
3090	0.9716271
3091	0.9770689
3092	0.974248
3093	0.9860806
3094	0.1171005
3095	0.03451549
3096	0.03393763
3097	0.1396742
3098	0.988829
3099	0.7324051
3100	0.9772083
3101	0.1831302
3102	0.1665858
3103	0.1881361
3104	0.2022001
3105	0.7127204
3106	0.723447
3107	0.8653529
3108	0.9367003
3109	0.9896774
3110	0.8984237
3111	0.9639581
3112	0.9660388
3113	0.9792803
3114	0.9009945
3115	0.8506107
3116	0.9191972
3117	0.7214791
3118	0.6318196
3119	0.6298525
3120	0.6682517
3121	0.6634104
3122	0.9116152
3123	0.8768757
3124	0.8368959
3125	0.9353265
3126	0.9573764
3127	0.9113447
3128	0.918731
3129	0.8369742
3130	0.848446
3131	0.4956005
3132	0.07336587
3133	0.08876841
3134	0.2110334
3135	0.9957208
3136	0.9975993
3137	0.9993303
3138	0.9911468
3139	0.3166247
3140	0.1368078
3141	0.1406565
3142	0.919871
3143	0.6920652
3144	0.9983703
3145	0.9992262
3146	0.9993279
3147	0.9974688
3148	0.9940805
3149	0.8600678
3150	0.9565466
3151	0.960552
3152	0.7911965
3153	0.2394899
3154	0.05486442
3155	0.01233028
3156	0.01192145
3157	0.004775145
3158	0.02977924
3159	0.3002767
3160	0.3689359
3161	0.8242352
3162	0.7785158
3163	0.8901565
3164	0.9915841
3165	0.9868218
3166	0.9559536
3167	0.2541118
3168	0.1461746
3169	0.5160204
3170	0.4053672
3171	0.01836248
3172	0.01021375
3173	0.004513584
3174	0.01650264
3175	0.1081215
3176	0.988176
3177	0.8104878
3178	0.8966881
3179	0.2701004
3180	0.2125384
3181	0.3085649
3182	0.2346314
3183	0.8607576
3184	0.2328841
3185	0.3332911
3186	0.9749819
3187	0.2784958
3188	0.1973403
3189	0.2105745
3190	0.208944
3191	0.1802511
3192	0.252055
3193	0.9806132
3194	0.210606
3195	0.1272448
3196	0.1284464
3197	0.1046128
3198	0.9120071
3199	0.9493182
3200	0.9683547
3201	0.9764016
3202	0.1092801
3203	0.06765544
3204	0.02187928
3205	0.02100699
3206	0.9231749
3207	0.9660232
3208	0.9484535
3209	0.07308905
3210	0.02237927
3211	0.01349758
3212	0.01123535
3213	0.002307699
3214	0.03248661
3215	0.1355379
3216	0.1195401
3217	0.02812938
3218	0.01596547
3219	0.1034139
3220	0.003009544
3221	0.2572148
3222	0.08982604
3223	0.108135
3224	0.4350446
3225	0.395695
3226	0.958961
3227	0.3086718
3228	0.1727219
3229	0.09934854
3230	0.02645722
3231	0.04239119
3232	0.1738009
3233	0.885134
3234	0.4968116
3235	0.9939782
3236	0.9749278
3237	0.9738087
3238	0.9596039
3239	0.5918174
3240	0.1147776
3241	0.05195125
3242	0.03066279
3243	0.02092209
3244	0.04012128
3245	0.1274088
3246	0.9232701
3247	0.977868
3248	0.9737147
3249	0.1910146
3250	0.06066509
3251	0.0236658
3252	0.006285722
3253	0.1680889
3254	0.9955959
3255	0.9643346
3256	0.9807444
3257	0.9949368
3258	0.6460924
3259	0.4687112
3260	0.461907
3261	0.9655409
3262	0.4657599
3263	0.4452041
3264	0.47977
3265	0.3668644
3266	0.6229051
3267	0.4704997
3268	0.4924578
3269	0.5399751
3270	0.6937934
3271	0.6619275
3272	0.4316025
3273	0.5409129
3274	0.5771047
3275	0.2029916
3276	0.1623371
3277	0.5018069
3278	0.6747769
3279	0.9985778
3280	0.4128945
3281	0.2888293
3282	0.2165143
3283	0.2425355
3284	0.4055926
3285	0.3831735
3286	0.5588151
3287	0.3394851
3288	0.499323
3289	0.9985132
3290	0.999752
